36647562,
36647598,
36647616,
36647628,
36627547,
36627557,
36627567,
36661648,
36661706,
36706286,
36706322,
36706337,
36725556,
36725593,
36725618,
36746665,
36746674,
36746680,
36746693,
36746706,
36882896,
36882904,
36882912,
36882919,
36882927,
36882939,
36882953,
36882964,
36882999,
36883008,
36883014,
36883027,
36883031,
36883035,
36883042,
36883052,
36883061,
36883084,
36883099,
36883108,
36883118,
36883126,
36883137,
36883145,
36883152,
36883178,
36883183,
36883195,
36883207,
36883215,
36883222,
36883234,
36883242,
36883249,
37039788,
36883982,
36883994,
36884001,
36884009,
36884021,

  36884029, 36884036, 36884046, 36884054, 36884061, 36884072, 36884084,
  36884092, 36884103, 36886930, 36886938, 36886943, 36886951, 36886966,
  36886980, 36886988, 36886996, 36887004, 36887007, 36887397, 36887403,
  36887414, 36887419, 36887427, 36887433, 36887445, 36887456, 36887468,
  36887472, 36887627, 36887642, 36887651, 36887661, 36887669, 36887681,
  36887702, 36887710, 36887721, 36887726, 36887731, 36887742, 36887748,
  36887770, 36887778, 36887783, 36887789, 36887793, 36887824, 36887825,
  36887844, 36887847, 36887857, 36887860, 36887892, 36887893, 36887898,
  36887929, 36887941, 36887951, 36887981, 36887991, 36888000, 36888010,
  36888039, 36888058, 36888067, 36888072, 36888092, 36888112, 36888119,
  36888125, 36888135, 36888172, 36888181, 36888203, 36888217, 36888223,
  36888230, 36888238, 36888271, 36888292, 36888278, 36888305, 36888312,